1 0.53733 0.537096 0.537174
2 0.537473 0.536981 0.537146
3 0.537631 0.536854 0.537115
4 0.537807 0.536713 0.53708
5 0.538001 0.536557 0.537042
6 0.538216 0.536385 0.536999
7 0.538453 0.536194 0.536953
8 0.538715 0.535983 0.536901
9 0.539006 0.53575 0.536844
10 0.539327 0.535492 0.536781
11 0.539682 0.535206 0.536711
12 0.540075 0.53489 0.536633
13 0.54051 0.53454 0.536548
14 0.540991 0.534154 0.536454
15 0.541522 0.533726 0.536349
16 0.54211 0.533252 0.536234
17 0.54276 0.532728 0.536107
18 0.543478 0.532149 0.535966
19 0.544273 0.531508 0.53581
20 0.545152 0.530798 0.535639
21 0.546123 0.530014 0.535449
22 0.547197 0.529145 0.535239
23 0.548384 0.528185 0.535008
24 0.549696 0.527122 0.534752
25 0.551146 0.525946 0.53447
26 0.552748 0.524646 0.534159
27 0.554518 0.523207 0.533815
28 0.556474 0.521615 0.533436
29 0.558634 0.519854 0.533017
30 0.561019 0.517905 0.532556
31 0.563652 0.51575 0.532048
32 0.566558 0.513367 0.531487
33 0.569765 0.510731 0.53087
34 0.573302 0.507815 0.53019
35 0.577201 0.504591 0.529442
36 0.581498 0.501027 0.52862
37 0.58623 0.497088 0.527716
38 0.591437 0.492735 0.526723
39 0.597164 0.487926 0.525634
40 0.603455 0.482617 0.524441
41 0.610358 0.476758 0.523136
42 0.617922 0.470297 0.521709
43 0.626197 0.46318 0.520154
44 0.635232 0.455348 0.518462
45 0.645071 0.446744 0.516627
46 0.655755 0.43731 0.514645
47 0.667312 0.426994 0.512514
48 0.679757 0.415752 0.510236
49 0.69308 0.403553 0.50782
50 0.707242 0.390392 0.505285
51 0.722161 0.376296 0.502661
52 0.737706 0.361335 0.499994
53 0.753685 0.34564 0.497349
54 0.769845 0.329403 0.494814
55 0.785876 0.312885 0.492497
56 0.801435 0.2964 0.490525
57 0.816172 0.280294 0.489033
58 0.829778 0.2649 0.488147
59 0.842017 0.250504 0.487969
60 0.852755 0.237309 0.488564
61 0.861964 0.225419 0.489944
62 0.869705 0.214845 0.492075
63 0.876105 0.205524 0.494884
64 0.881323 0.197347 0.498273
65 0.885529 0.19018 0.502131
66 0.888887 0.183889 0.50635
67 0.891543 0.178344 0.510829
68 0.893624 0.173432 0.51548
69 0.895236 0.169055 0.520231
70 0.896467 0.16513 0.525021
71 0.897389 0.161588 0.529806
72 0.89806 0.158375 0.534548
73 0.898526 0.155443 0.539221
74 0.898825 0.152753 0.543804
75 0.898987 0.150274 0.548284
76 0.899037 0.14798 0.552651
77 0.898996 0.145848 0.556899
78 0.898879 0.14386 0.561024
79 0.8987 0.141999 0.565025
80 0.89847 0.140252 0.568902
81 0.898197 0.138607 0.572657
82 0.897889 0.137054 0.576291
83 0.897552 0.135585 0.579808
84 0.897192 0.134191 0.583211
85 0.896811 0.132865 0.586503
86 0.896415 0.131603 0.589688
87 0.896005 0.130397 0.592771
88 0.895584 0.129244 0.595755
89 0.895155 0.12814 0.598643
90 0.894718 0.12708 0.601441
91 0.894276 0.126062 0.604151
92 0.893829 0.125082 0.606776
93 0.893379 0.124138 0.609322
94 0.892926 0.123226 0.61179
95 0.892472 0.122346 0.614185
96 0.892017 0.121495 0.616508
97 0.891561 0.120671 0.618764
98 0.891105 0.119872 0.620954
99 0.890649 0.119098 0.623082
100 0.890194 0.118346 0.625149
101 0.88974 0.117615 0.627159
102 0.889287 0.116905 0.629113
103 0.888836 0.116214 0.631013
104 0.888386 0.115541 0.632862
105 0.887938 0.114885 0.634662
106 0.887492 0.114246 0.636413
107 0.887049 0.113622 0.638119
108 0.886607 0.113013 0.639781
109 0.886167 0.112419 0.641399
110 0.88573 0.111838 0.642976
111 0.885296 0.11127 0.644513
112 0.884864 0.110715 0.646011
113 0.884434 0.110171 0.647472
114 0.884007 0.10964 0.648897
115 0.883583 0.109119 0.650287
116 0.883162 0.108608 0.651643
117 0.882743 0.108108 0.652965
118 0.882327 0.107618 0.654256
119 0.881914 0.107137 0.655516
120 0.881504 0.106666 0.656746
121 0.881096 0.106203 0.657947
122 0.880692 0.105748 0.65912
123 0.88029 0.105302 0.660265
124 0.879892 0.104864 0.661383
125 0.879496 0.104433 0.662476
126 0.879103 0.104009 0.663543
127 0.878713 0.103593 0.664585
128 0.878326 0.103184 0.665604
129 0.877943 0.102781 0.6666
130 0.877562 0.102385 0.667573
131 0.877184 0.101994 0.668523
132 0.876809 0.10161 0.669453
133 0.876437 0.101232 0.670361
134 0.876068 0.10086 0.671249
135 0.875701 0.100493 0.672118
136 0.875338 0.100131 0.672966
137 0.874978 0.0997749 0.673796
138 0.874621 0.0994235 0.674608
139 0.874266 0.099077 0.675402
140 0.873915 0.0987352 0.676178
141 0.873566 0.098398 0.676937
142 0.873221 0.0980654 0.677679
143 0.872878 0.097737 0.678405
144 0.872538 0.0974129 0.679115
145 0.872201 0.0970929 0.67981
146 0.871867 0.0967769 0.680489
147 0.871536 0.0964648 0.681154
148 0.871207 0.0961565 0.681804
149 0.870882 0.0958519 0.682439
150 0.870559 0.0955508 0.683061
