1 -6931.47
2 -6903.77
3 -6903.77
4 -6903.77
5 -6903.77
6 -6903.77
7 -6903.77
8 -6903.76
9 -6903.76
10 -6903.76
11 -6903.76
12 -6903.75
13 -6903.75
14 -6903.75
15 -6903.74
16 -6903.73
17 -6903.73
18 -6903.72
19 -6903.7
20 -6903.69
21 -6903.67
22 -6903.65
23 -6903.62
24 -6903.59
25 -6903.54
26 -6903.49
27 -6903.43
28 -6903.36
29 -6903.26
30 -6903.15
31 -6903.01
32 -6902.85
33 -6902.64
34 -6902.39
35 -6902.08
36 -6901.7
37 -6901.25
38 -6900.69
39 -6900
40 -6899.17
41 -6898.15
42 -6896.91
43 -6895.4
44 -6893.57
45 -6891.34
46 -6888.64
47 -6885.37
48 -6881.43
49 -6876.72
50 -6871.1
51 -6864.48
52 -6856.78
53 -6847.96
54 -6838.09
55 -6827.35
56 -6816.03
57 -6804.58
58 -6793.49
59 -6783.25
60 -6774.21
61 -6766.58
62 -6760.36
63 -6755.42
64 -6751.54
65 -6748.5
66 -6746.11
67 -6744.19
68 -6742.63
69 -6741.34
70 -6740.24
71 -6739.3
72 -6738.48
73 -6737.75
74 -6737.1
75 -6736.52
76 -6735.99
77 -6735.51
78 -6735.07
79 -6734.66
80 -6734.28
81 -6733.93
82 -6733.6
83 -6733.29
84 -6733.01
85 -6732.74
86 -6732.48
87 -6732.24
88 -6732.02
89 -6731.8
90 -6731.6
91 -6731.41
92 -6731.22
93 -6731.05
94 -6730.88
95 -6730.73
96 -6730.58
97 -6730.43
98 -6730.3
99 -6730.17
100 -6730.04
101 -6729.92
102 -6729.81
103 -6729.69
104 -6729.59
105 -6729.49
106 -6729.39
107 -6729.3
108 -6729.21
109 -6729.12
110 -6729.03
111 -6728.95
112 -6728.88
113 -6728.8
114 -6728.73
115 -6728.66
116 -6728.59
117 -6728.53
118 -6728.46
119 -6728.4
120 -6728.34
121 -6728.29
122 -6728.23
123 -6728.18
124 -6728.12
125 -6728.07
126 -6728.02
127 -6727.98
128 -6727.93
129 -6727.89
130 -6727.84
131 -6727.8
132 -6727.76
133 -6727.72
134 -6727.68
135 -6727.64
136 -6727.61
137 -6727.57
138 -6727.54
139 -6727.5
140 -6727.47
141 -6727.44
142 -6727.41
143 -6727.38
144 -6727.35
145 -6727.32
146 -6727.29
147 -6727.26
148 -6727.24
149 -6727.21
150 -6727.18
