-68.4643 -76.6193
-66.8213 -74.8506
-69.451 -74.6218
-70.3886 -71.5962
-64.7979 -77.0401
-66.9624 -73.8554
-64.394 -77.7213
-66.8104 -74.9
-68.2684 -73.1541
-65.7128 -75.1286
-65.8059 -75.8652
-67.52 -76.2508
-69.0889 -72.6122
-68.5756 -71.4685
-62.8427 -77.7216
-62.8089 -77.1172
-66.9188 -73.7878
-70.6968 -74.1464
-66.4998 -76.0221
-67.432 -75.9045
-66.9196 -71.6183
-65.8664 -75.4988
-65.9945 -75.6172
-69.1495 -70.5979
-68.4761 -75.0761
-65.5327 -78.7201
-66.6329 -73.9487
-72.2418 -73.8777
-66.4758 -76.1596
-67.3992 -74.2737
-64.4228 -75.0016
-67.0216 -75.0897
-67.7763 -73.5773
-70.2977 -73.056
-69.5174 -71.6612
-67.1168 -73.7913
-68.6909 -72.8945
-66.0182 -76.6136
-67.1638 -73.5414
-71.4419 -70.9469
-63.4056 -78.3906
-70.5269 -72.1461
-65.592 -75.9955
-70.1705 -75.1096
-69.7314 -73.3266
-67.3932 -76.3964
-65.497 -76.003
-65.0501 -76.9991
-65.036 -76.0672
-67.5928 -74.3316
-68.26 -74.3144
-68.8149 -73.5587
-66.781 -74.3775
-70.6116 -73.6845
-69.1257 -72.4221
-67.6116 -75.0197
-64.7328 -77.9112
-68.7582 -73.5265
-70.1066 -73.057
-72.7276 -73.9486
-64.5743 -77.1577
-67.0901 -76.155
-64.9592 -76.2067
-67.5626 -73.6306
-67.2135 -76.1946
-72.979 -76.0206
-70.9279 -73.7281
-65.9541 -74.2349
-66.1508 -72.5048
-67.0719 -76.27
-67.5872 -72.8322
-63.8386 -72.9194
-67.1022 -76.1292
-68.0685 -74.7791
-66.4441 -72.7481
-64.4912 -75.7208
-73.5467 -76.064
-67.7575 -77.5927
-68.2407 -73.0877
-66.5005 -75.5792
-66.4413 -78.5185
-68.0683 -75.0434
-68.2648 -76.9301
-66.7955 -73.3868
-67.5743 -75.2292
-66.7269 -74.0678
-68.8204 -73.9262
-70.0537 -74.4
-70.8778 -71.0273
-65.8056 -73.9568
-71.5733 -71.5008
-70.0517 -70.5419
-65.7083 -72.6239
-68.8428 -70.4861
-66.4462 -75.197
-66.4577 -73.477
-66.8753 -75.6594
-66.035 -76.7736
-68.9689 -72.6759
-68.4059 -69.7656
-71.7513 -69.7774
-69.7811 -67.1726
-77.1344 -63.0493
-79.7236 -67.3989
-75.3309 -65.8173
-74.3719 -65.0873
-72.4805 -67.1449
-77.3929 -63.8163
-78.0399 -64.8938
-69.6413 -72.0011
-74.2634 -60.4768
-70.6069 -65.2584
-76.9776 -65.8844
-73.6411 -69.3995
-74.0386 -69.588
-71.0369 -67.2974
-75.5314 -65.9493
-74.2352 -64.6652
-69.944 -73.0926
-71.2676 -70.4845
-74.8233 -69.5431
-76.1392 -67.766
-73.6274 -68.3434
-73.0302 -67.1412
-71.5134 -67.1963
-76.0209 -66.0731
-72.2933 -65.88
-74.0974 -67.1405
-74.0087 -65.806
-74.808 -64.8548
-76.6401 -61.6402
-76.5518 -60.0955
-71.9891 -64.2981
-75.0852 -65.4709
-72.132 -65.3443
-76.0735 -64.7183
-77.0556 -64.007
-75.8739 -64.0661
-74.6447 -68.2325
-75.1427 -65.6811
-80.8808 -62.8781
-71.625 -67.667
-70.8729 -69.4865
-72.4899 -63.9422
-75.2304 -61.2349
-75.4613 -64.9149
-77.8549 -60.6566
-76.3254 -65.0171
-77.7634 -64.1365
-72.7032 -63.7091
-75.6554 -65.1106
-74.872 -60.3235
-73.2987 -63.5516
-76.2854 -66.8619
-77.9877 -60.8685
-76.3137 -64.8051
-75.3625 -65.8007
-72.745 -69.1747
-73.7039 -64.8183
-68.7817 -71.794
-74.2129 -66.9128
-75.3809 -64.4973
-73.198 -69.4438
-80.6505 -60.9388
-74.601 -64.162
-74.6577 -63.9113
-73.9844 -63.4524
-78.0566 -61.6525
-76.031 -67.3026
-76.4292 -65.3518
-72.457 -67.674
-72.9864 -68.5113
-78.2426 -65.488
-74.6197 -65.2966
-72.6041 -65.2571
-77.2375 -61.9169
-78.6559 -64.3538
-77.7364 -59.9917
-75.4636 -67.4855
-71.5155 -68.8044
-74.1168 -68.0172
-73.1251 -63.4245
-77.2656 -58.1712
-75.0447 -63.5139
-71.9511 -69.1556
-75.1334 -64.4323
-74.5525 -61.0388
-69.7614 -68.0961
-75.0761 -62.0894
-75.4068 -61.9276
-74.5857 -63.7314
-71.2173 -69.4946
-79.5477 -65.4811
-76.052 -64.6588
-70.9023 -67.9181
-73.6683 -65.1072
-73.5301 -66.1302
-74.7256 -64.8792
-76.9374 -61.0606
-76.3472 -62.9946
