入力は以下の形式とする．

(1行目) 全体集合Uの要素数N
(2行目) Uの部分集合族Sの要素数M
(3行目) S_1の要素数L_1
(4行目) S_1のコストC_1
(5行目) S_1の要素を空白区切りでL_1個
.
.
.
(3*i行目) S_iの要素数L_i
(3*i+1行目) S_iのコストC_i
(3*i+2行目) S_iの要素を空白区切りでL_i個

(1 <= i <= M)


(例1)
9
8
4
90
3 4 5 6
1
34
3
2
23
1 2
2
30
5 7
2
20
5 6
1
98
8
5
100
1 2 3 8 9
1
2
9


問題例(a)
14
5
2
1
1 8
4
1
2 3 9 10
8
1
4 5 6 7 11 12 13 14
7
1
1 2 3 4 5 6 7
7
1
8 9 10 11 12 13 14

問題例(b)
30
6
2
1
1 16
4
1
2 3 17 18
8
1
4 5 6 7 19 20 21 22
16
1
8 9 10 11 12 13 14 15 23 24 25 26 27 28 29 30
15
1
1 2 3 4 5 6 7 8 9 10 11 12 13 14 15
15
1
16 17 18 19 20 21 22 23 24 25 26 27 28 29 30

問題例(c)
62
7
2
1
1 32
4
1
2 3 33 34
8
1
4 5 6 7 35 36 37 38
16
1
8 9 10 11 12 13 14 15 39 40 41 42 43 44 45 46
32
1
16 17 18 19 20 21 22 23 24 25 26 27 28 29 30 31 47 48 49 50 51 52 53 54 55 56 57 58 59 60 61 62
31
1
1 2 3 4 5 6 7 8 9 10 11 12 13 14 15 16 17 18 19 20 21 22 23 24 25 26 27 28 29 30 31
31
1
32 33 34 35 36 37 38 39 40 41 42 43 44 45 46 47 48 49 50 51 52 53 54 55 56 57 58 59 60 61 62

問題例(d)
8
6
2
16
1 5
2
8
2 6
2
4
3 7
2
2
4 8
4
8.1
1 2 3 4
4
8.1
5 6 7 8
